4 4 4 4 4 4 4 4 4 4 4 4 4 4 4 4 4 4 4 4 4 4 4 4 4 4 4 4 4 4 4 4 4 4 4 4 4 4 4 4 4 4 4 4 4 4 4 4 4 4 
4 4 4 4 4 4 4 4 4 4 4 4 4 4 4 4 4 4 4 4 4 4 4 4 4 4 4 4 4 4 4 4 4 4 4 4 4 4 4 4 4 4 4 4 4 4 4 4 4 4 
4 4 4 4 4 4 4 4 4 4 4 4 4 4 4 4 4 4 4 4 0 2 2 2 2 2 0 4 4 4 4 4 4 4 4 4 4 4 4 4 4 4 4 4 4 4 4 4 4 4 
4 4 4 4 4 4 4 4 4 4 4 4 4 4 4 4 4 4 4 4 2 2 2 2 2 2 2 4 4 4 4 4 4 4 4 4 4 4 4 4 4 4 4 4 4 4 4 4 4 4 
4 4 4 4 4 4 4 4 4 4 4 4 4 4 4 4 4 4 4 4 2 2 2 2 2 2 2 4 4 4 4 4 4 4 4 4 4 4 4 4 4 4 4 4 4 4 4 4 4 4 
4 4 4 4 4 4 4 4 4 4 4 4 4 4 4 4 4 4 4 4 2 2 2 2 2 2 2 4 4 4 4 4 4 4 4 4 4 4 4 4 4 4 4 4 4 4 4 4 4 4 
4 4 4 4 4 4 4 4 0 0 0 0 0 0 0 0 0 0 0 0 0 0 0 0 0 0 0 0 0 0 0 0 0 0 0 0 0 0 0 0 4 4 4 4 4 4 4 4 4 4 
4 4 4 4 4 4 4 4 0 8 8 8 8 8 8 8 15 15 7 7 7 7 7 7 7 7 7 7 7 15 15 8 8 8 8 8 8 8 8 0 4 4 4 4 4 4 4 4 4 4 
4 4 4 4 4 4 4 4 0 8 4 4 4 4 4 8 15 15 7 36 36 36 36 31 36 36 36 36 7 15 15 8 4 4 4 4 4 4 8 0 4 4 4 4 4 4 4 4 4 4
4 4 4 4 4 4 4 4 0 8 4 4 4 4 4 8 11 12 7 61 53 45 37 32 38 46 54 62 7 11 12 8 4 4 4 4 4 4 8 0 4 4 4 4 4 4 4 4 4 4 
4 4 4 4 4 4 4 4 0 8 4 4 4 4 4 8 11 12 7 63 55 47 39 33 40 48 56 64 7 11 12 8 4 4 4 4 4 4 8 0 4 4 4 4 4 4 4 4 4 4 
4 4 4 4 4 4 4 4 0 8 4 4 4 4 4 8 11 12 7 65 57 49 41 34 42 50 58 66 7 11 12 8 4 4 4 4 4 4 8 0 4 4 4 4 4 4 4 4 4 4
4 4 4 4 4 4 4 4 0 8 8 8 8 8 8 8 11 12 7 67 60 51 43 35 44 52 59 68 7 11 12 8 4 4 4 4 4 4 8 0 4 4 4 4 4 4 4 4 4 4 4 4 
4 4 4 4 4 4 4 4 0 8 4 4 4 4 4 8 11 12 7 7 7 7 7 7 7 7 7 7 7 15 15 8 8 8 8 8 8 8 8 0 4 4 4 4 4 4 4 4 4 4 4 
4 4 4 4 4 4 4 4 0 8 4 4 4 4 4 8 11 12 16 13 13 13 13 13 13 13 13 13 16 13 13 13 13 13 13 13 13 16 16 0 4 4 4 4 4 4 4 4 4 4 
4 4 4 4 4 4 4 4 0 8 4 4 4 4 4 8 11 12 16 14 14 14 14 14 14 14 14 14 16 14 14 14 14 14 14 14 14 16 16 0 4 4 4 4 4 4 4 4 4 4 
4 4 4 4 4 4 4 4 0 8 4 4 4 4 4 8 15 15 7 7 7 7 7 7 7 7 7 7 7 15 15 8 8 8 8 8 8 8 8 0 4 4 4 4 4 4 4 4 4 4 
4 4 4 4 4 4 4 4 0 8 4 4 4 4 4 8 11 12 7 4 4 0 7 7 7 0 4 4 7 11 12 8 73 72 71 70 69 8 8 0 4 4 4 4 4 4 4 4 4 4 
4 4 4 4 4 4 4 4 0 8 4 4 4 4 4 8 11 12 7 4 0 7 7 7 7 7 0 4 7 11 12 8 78 77 76 75 74 8 8 0 4 4 4 4 4 4 4 4 4 4 
4 4 4 4 4 4 4 4 0 8 4 4 4 4 4 8 11 12 7 0 7 8 8 8 8 8 7 0 7 11 12 8 83 82 81 80 79 8 8 0 4 4 4 4 4 4 4 4 4 4 
4 4 4 4 4 4 4 4 0 8 4 4 4 4 4 8 11 12 7 7 7 8 8 8 8 8 7 7 7 11 12 8 88 87 86 85 84 8 8 0 4 4 4 4 4 4 4 4 4 4 
4 4 4 4 4 4 4 4 0 8 8 8 8 8 8 8 11 12 7 7 7 8 8 8 8 8 7 7 7 11 12 8 93 92 91 90 89 8 8 0 4 4 4 4 4 4 4 4 4 4
4 4 4 4 4 4 4 4 0 8 4 4 4 4 4 8 11 12 7 7 7 8 8 8 8 8 7 7 7 11 12 8 98 97 96 95 94 8 8 0 4 4 4 4 4 4 4 4 4 4 
4 4 4 4 4 4 4 4 0 8 4 4 4 4 4 8 11 12 7 0 7 8 8 8 8 8 7 0 7 11 12 8 103 102 101 100 99 8 8 0 4 4 4 4 4 4 4 4 4 4 
4 4 4 4 4 4 4 4 0 8 4 4 4 4 4 8 11 12 7 4 0 7 7 7 7 7 0 4 7 11 12 8 108 107 106 105 104 8 8 0 4 4 4 4 4 4 4 4 4 4 
4 4 4 4 4 4 4 4 0 8 4 4 4 4 4 8 11 12 7 4 4 0 7 7 7 0 4 4 7 11 12 8 113 112 111 110 109 8 8 0 4 4 4 4 4 4 4 4 4 4 
4 4 4 4 4 4 4 4 0 8 8 8 8 8 8 8 15 15 7 7 7 7 7 7 7 7 7 7 7 15 15 8 8 8 8 8 8 8 8 0 4 4 4 4 4 4 4 4 4 4 
4 4 4 4 4 4 4 4 0 16 16 13 13 13 13 13 13 13 16 13 13 13 13 13 13 13 13 13 16 13 13 13 13 13 13 13 13 16 16 0 4 4 4 4 4 4 4 4 4 4 
4 4 4 4 4 4 4 4 0 16 16 14 14 14 14 14 14 14 16 14 14 14 14 14 14 14 14 14 16 14 14 14 14 14 14 14 14 16 16 0 4 4 4 4 4 4 4 4 4 4 
4 4 4 4 4 4 4 4 0 8 8 8 8 8 8 8 7 7 7 7 7 7 7 7 7 7 7 7 7 7 7 8 8 8 8 8 8 8 8 0 4 4 4 4 4 4 4 4 4 4 4 
4 4 4 4 4 4 4 4 0 8 4 4 4 4 4 8 7 4 4 4 4 4 4 7 188 188 8 8 169 188 7 8 4 4 4 4 4 4 8 0 4 4 4 4 4 4 4 4 4 4 
4 4 4 4 4 4 4 4 0 8 4 4 4 4 4 8 7 4 4 4 4 4 4 7 188 6 6 6 6 188 7 8 4 4 4 4 4 4 8 0 4 4 4 4 4 4 4 4 4 4 
4 4 4 4 4 4 4 4 0 8 4 4 4 4 4 8 7 4 4 4 4 4 4 7 188 6 6 6 6 188 7 8 4 4 4 4 4 4 8 0 4 4 4 4 4 4 4 4 4 4 
4 4 4 4 4 4 4 4 0 8 4 4 4 4 4 8 7 4 4 4 4 4 4 7 188 188 188 188 188 188 7 8 4 4 4 4 4 4 8 0 4 4 4 4 4 4 4 4 4 4 
4 4 4 4 4 4 4 4 0 8 8 8 8 8 8 8 7 7 7 7 7 7 7 7 7 7 7 7 7 7 7 8 8 8 8 8 8 8 8 0 4 4 4 4 4 4 4 4 4 4 
4 4 4 4 4 4 4 4 0 0 0 0 0 0 0 0 0 0 0 0 0 0 0 0 0 0 0 0 0 0 0 0 0 0 0 0 0 0 0 0 4 4 4 4 4 4 4 4 4 4 
4 4 4 4 4 4 4 4 4 4 4 4 4 4 4 4 4 4 4 4 4 4 4 0 4 4 4 4 4 4 4 4 4 4 4 4 4 0 0 4 4 4 4 4 4 4 4 4 4 4 
4 4 4 4 4 4 4 4 4 4 4 4 4 4 4 4 4 4 4 4 4 4 0 0 0 4 4 4 4 4 0 4 4 0 0 0 0 0 0 4 4 4 4 4 4 4 4 4 4 4 
4 4 4 4 4 4 4 4 4 4 4 4 4 4 4 4 4 4 4 4 4 0 0 0 0 0 4 4 4 4 4 4 0 0 0 0 0 0 0 4 4 4 4 4 4 4 4 4 4 4 
4 4 4 4 4 4 4 4 4 4 4 4 4 0 4 4 4 4 4 4 0 0 0 0 0 0 0 4 4 4 4 4 0 0 0 0 0 4 0 4 4 4 4 4 4 4 4 4 4 4 
4 4 4 4 4 4 4 4 4 4 4 4 4 4 4 4 4 4 0 0 0 0 0 0 0 0 0 0 4 4 4 4 4 4 4 4 4 4 4 4 4 4 4 4 4 4 4 4 4 4 
4 4 4 4 4 4 4 4 4 4 4 4 4 0 4 4 4 4 4 0 0 0 0 0 0 0 0 4 4 4 4 4 4 4 4 4 4 4 4 4 4 4 4 4 4 4 4 4 4 4 
4 4 4 4 4 4 4 4 4 4 4 4 4 4 4 4 4 4 4 4 0 0 0 0 0 0 4 4 4 4 4 4 4 4 4 4 4 4 4 4 4 4 4 4 4 4 4 4 4 4 
4 4 4 4 4 4 4 4 4 4 4 4 4 4 4 4 4 4 4 4 4 4 4 4 4 4 4 4 4 4 4 4 4 4 4 4 4 4 4 4 4 4 4 4 4 4 4 4 4 4 
4 4 4 4 4 4 4 4 4 4 4 4 4 4 4 4 4 4 4 4 4 4 4 4 4 4 4 4 4 4 4 4 4 4 4 4 4 4 4 4 4 4 4 4 4 4 4 4 4 4 
4 4 4 4 4 4 4 4 4 4 4 4 4 4 4 4 4 4 4 4 4 4 4 4 4 4 4 4 4 4 4 4 4 4 4 4 4 4 4 4 4 4 4 4 4 4 4 4 4 4 
4 4 4 4 4 4 4 4 4 4 4 4 4 4 4 4 4 4 4 4 4 4 4 4 4 4 4 4 4 4 4 4 4 4 4 4 4 4 4 4 4 4 4 4 4 4 4 4 4 4 
4 4 4 4 4 4 4 4 4 4 4 4 4 4 4 4 4 4 4 4 4 4 4 4 4 4 4 4 4 4 4 4 4 4 4 4 4 4 4 4 4 4 4 4 4 4 4 4 4 4 
4 4 4 4 4 4 4 4 4 4 4 4 4 4 4 4 4 4 4 4 4 4 4 4 4 4 4 4 4 4 4 4 4 4 4 4 4 4 4 4 4 4 4 4 4 4 4 4 4 4 
4 4 4 4 4 4 4 4 4 4 4 4 4 4 4 4 4 4 4 4 4 4 4 4 4 4 4 4 4 4 4 4 4 4 4 4 4 4 4 4 4 4 4 4 4 4 4 4 4 4 