4 4 4 4 4 4 4 4 4 4 4 4 4 4 4 4 4 4 4 4 4 4 4 4
4 4 4 4 4 4 4 4 4 4 4 4 4 4 4 4 4 4 4 4 4 4 4 4
4 4 4 7 7 7 7 7 7 4 7 7 7 7 7 7 7 7 7 7 7 7 4 4
4 11 11 11 11 15 11 11 11 7 11 11 11 11 11 15 11 11 11 11 11 11 4 4
4 12 12 12 12 15 12 12 12 11 12 12 12 12 12 15 12 12 12 12 12 12 4 4
4 4 7 16 16 7 7 7 7 12 7 7 7 7 7 7 16 16 7 7 7 7 7 4
4 4 7 14 13 7 0 4 0 7 7 7 0 4 0 7 14 13 7 9 9 9 9 4
4 4 7 14 13 7 4 0 7 7 7 7 7 0 4 7 14 13 7 9 7 7 7 4
4 4 7 14 13 7 0 7 8 7 8 8 8 7 0 7 14 13 7 9 7 7 7 4
4 4 7 14 13 7 7 7 8 8 8 8 8 7 7 7 14 13 7 9 7 7 7 4
4 4 7 14 13 7 7 7 8 8 0 8 8 7 7 7 14 13 7 7 7 7 7 4
4 4 7 14 13 7 7 7 8 8 8 8 8 7 7 7 14 13 7 9 7 7 7 4
4 4 7 14 13 7 0 7 8 0 8 8 8 7 0 7 14 13 7 9 7 7 7 4
4 4 7 14 13 7 4 0 7 8 7 7 7 0 4 7 14 13 7 9 7 7 7 4
4 4 7 16 16 7 0 4 0 8 7 7 0 4 0 7 16 16 7 9 9 9 9 4
4 11 11 11 11 7 7 7 7 7 7 7 7 7 7 15 11 11 7 7 7 7 7 4
4 12 12 12 12 15 11 11 11 7 11 11 11 11 11 15 12 12 11 11 11 11 4 4
4 0 0 0 0 15 12 12 12 7 12 12 12 12 12 7 14 13 12 12 12 12 4 4
4 0 0 0 0 7 7 7 7 11 7 7 7 7 7 7 14 13 7 7 7 7 4 4
4 0 0 0 0 4 4 4 4 11 4 4 4 4 4 4 14 13 4 4 4 4 4 4
